0 62.752823 108.087050
1 85.189982 113.279614
2 105.071189 117.880661
3 126.470800 122.833108
4 145.409220 127.215970
5 165.284305 131.815600
6 183.417582 136.012129
7 202.200508 140.359005
8 61.847627 151.906587
9 84.352398 156.503487
10 104.291961 160.576409
11 125.770736 164.963736
12 144.691296 168.828513
13 164.724259 172.920513
14 182.798922 176.612505
15 201.679621 180.469139
16 61.041757 190.917854
17 83.608916 194.871211
18 103.602134 198.373660
19 125.152848 202.148955
20 144.059291 205.461021
21 164.232751 208.995045
22 182.257370 212.152632
23 201.225014 215.475419
24 60.131133 235.000183
25 82.766502 238.344329
26 102.818573 241.306819
27 124.449080 244.502507
28 143.337579 247.293091
29 163.670021 250.297003
30 181.635691 252.951248
31 200.701756 255.768066
32 59.319651 274.283092
33 82.017655 276.988863
34 102.123608 279.385642
35 123.826455 281.972783
36 142.700448 284.222704
37 163.174537 286.663368
38 181.089451 288.798959
39 200.243152 291.082223
40 58.398670 318.866794
41 81.166365 320.920054
42 101.332383 322.738687
43 123.116425 324.703238
44 141.972716 326.403755
45 162.607727 328.264684
46 180.463545 329.874975
47 199.716824 331.611295
48 57.585343 358.239046
49 80.414857 359.701934
50 100.634132 360.997561
51 122.490069 362.398064
52 141.330892 363.605361
53 162.108078 364.936739
54 179.911898 366.077586
55 199.253135 367.316950
56 56.658517 403.105681
57 79.557456 403.948467
58 99.836625 404.694833
59 121.773829 405.502222
60 140.596111 406.194968
61 161.535443 406.965630
62 179.278904 407.618671
63 198.720467 408.334209
64 252.403730 142.163297
65 272.239361 139.182330
66 291.106254 136.346948
67 312.343258 133.155378
68 332.143564 130.179719
69 354.590348 126.806339
70 375.289635 123.695579
71 398.893640 120.148287
72 251.860457 181.712470
73 271.872575 179.236479
74 290.638189 176.914712
75 311.988580 174.273144
76 331.787549 171.823526
77 354.273990 169.041401
78 374.955000 166.482652
79 398.602277 163.556904
80 251.375264 217.033469
81 271.544897 215.019820
82 290.220050 213.155373
83 311.671659 211.013737
84 331.469407 209.037215
85 353.991247 206.788732
86 374.655904 204.725662
87 398.341820 202.360962
88 250.822597 257.266487
89 271.172173 255.722403
90 289.745177 254.313121
91 311.312279 252.676653
92 331.109173 251.174504
93 353.671603 249.462513
94 374.318272 247.895886
95 398.048271 246.095301
96 250.335420 292.731978
97 270.843229 291.644016
98 289.325772 290.663497
99 310.994524 289.513945
100 330.790385 288.463753
101 353.388448 287.264901
102 374.018929 286.170431
103 397.787746 284.909469
104 249.778953 333.241580
105 270.467524 332.672130
106 288.846919 332.166240
107 310.631782 331.566614
108 330.426554 331.021766
109 353.065358 330.398636
110 373.677461 329.831290
111 397.490626 329.175836
112 249.296714 368.347597
113 270.141286 368.298260
114 288.430533 368.254971
115 310.315758 368.203171
116 330.109089 368.156321
117 352.782940 368.102654
118 373.378524 368.053907
119 397.230051 367.997452
120 248.734508 409.275026
121 269.762225 409.692774
122 287.948261 410.054068
123 309.950986 410.491186
124 329.743804 410.884402
125 352.459106 411.335676
126 373.036822 411.744485
127 396.933230 412.219224